472 562 688 35 
594 285 676 362 
88 314 98 333 
501 87 499 135 
67 52 581 58 
337 118 149 734 
388 160 210 569 
252 767 512 144 
89 325 315 604 
285 152 764 545 
340 524 385 603 
465 14 519 762 
186 642 315 463 
776 496 82 487 
487 250 438 88 
517 18 482 154 
681 650 527 632 
193 555 720 294 
545 137 218 374 
264 535 361 390 
261 151 511 155 
730 405 174 660 
160 85 408 216 
204 298 181 210 
80 360 277 414 
420 476 486 740 
7 539 248 229 
1 600 223 51 
587 442 569 166 
561 429 337 44 
790 536 131 256 
121 207 225 319 
151 297 373 23 
80 533 744 769 
527 456 738 560 
388 730 306 234 
692 499 305 503 
436 448 387 88 
689 426 30 57 
20 649 333 682 
548 148 343 234 
301 604 540 357 
127 570 543 737 
218 678 714 19 
297 714 655 279 
204 310 171 799 
698 725 752 139 
166 192 195 58 
290 17 98 800 
385 571 394 409 
98 344 600 766 
426 259 655 309 
48 135 442 685 
159 727 178 74 
120 320 162 61 
566 700 169 728 
790 456 639 513 
214 344 764 581 
253 554 470 527 
92 56 105 697 
660 754 411 482 
471 11 800 32 
115 179 380 728 
173 741 584 332 
490 1 87 372 
84 669 504 688 
506 760 30 477 
409 751 511 166 
634 115 90 605 
92 506 61 618 
244 86 710 547 
785 611 72 797 
325 36 80 450 
129 721 648 739 
192 138 347 79 
680 591 58 261 
172 210 63 167 
213 621 561 368 
257 209 711 167 
12 574 400 148 
591 762 242 594 
103 444 722 229 
248 712 371 335 
721 288 130 446 
401 280 498 551 
74 298 163 473 
5 396 361 747 
710 127 74 24 
49 425 423 493 
365 645 63 415 
233 90 208 322 
124 553 351 376 
145 747 250 582 
291 411 573 718 
261 79 626 216 
742 396 668 498 
786 58 85 442 
156 630 342 473 
539 392 248 626 
530 468 281 699 
21 84 97 460 
361 198 293 342 
363 738 523 214 
52 143 527 425 
315 374 549 642 
59 374 1 474 
214 90 404 39 
218 104 215 720 
708 412 365 288 
355 501 36 378 
510 333 156 684 
728 558 363 390 
146 99 352 204 
402 13 550 74 
707 472 171 425 
253 141 386 767 
646 233 103 683 
793 654 545 577 
262 312 748 514 
538 435 695 433 
353 715 619 513 
393 452 334 595 
425 75 103 158 
738 684 163 591 
772 69 278 596 
404 731 70 788 
140 236 645 98 
195 197 477 785 
399 180 561 425 
585 193 673 474 
336 281 334 785 
657 139 415 169 
581 151 548 292 
795 130 729 346 
727 111 77 433 
187 299 131 366 
613 104 344 139 
473 237 519 746 
737 491 490 360 
306 179 353 501 
433 198 183 3 
118 621 611 412 
367 363 493 666 
648 431 50 689 
618 110 618 560 
34 752 327 296 
355 490 544 779 
558 108 656 410 
113 476 281 472 
237 771 140 2 
701 134 397 707 
724 312 466 290 
262 174 653 767 
618 371 427 639 
574 540 763 644 
300 799 403 544 
236 32 719 683 
297 44 444 659 
296 746 245 148 
6 430 43 329 
226 16 106 449 
91 92 345 245 
411 491 162 728 
692 18 179 176 
778 698 100 261 
113 240 187 248 
312 669 780 118 
263 569 516 588 
549 476 488 765 
797 181 282 274 
641 638 476 754 
111 367 472 402 
275 18 511 302 
622 55 304 24 
342 361 731 688 
510 481 295 278 
599 474 497 284 
86 132 374 511 
568 61 562 439 
676 380 106 141 
496 688 423 45 
263 585 164 668 
137 789 683 236 
435 14 218 429 
640 114 747 582 
560 275 724 132 
393 751 397 754 
315 291 240 170 
232 220 198 203 
324 558 575 684 
441 73 33 111 
110 552 198 729 
361 12 575 674 
562 137 510 168 
475 254 306 201 
541 363 372 656 
772 638 514 495 
173 335 649 399 
399 13 40 644 
184 375 19 228 
217 304 405 216 
613 45 442 244 
502 529 140 260 
305 59 636 360 
298 318 3 514 
587 242 330 365 
145 393 647 528 
216 132 328 659 
121 38 213 274 
80 425 369 239 
226 48 1 684 
607 445 401 762 
325 485 755 364 
453 736 201 559 
778 677 645 542 
342 565 719 785 
47 182 327 117 
507 68 75 258 
392 771 443 169 
655 280 539 269 
122 377 505 116 
707 578 15 413 
255 649 651 532 
379 20 110 291 
101 649 562 492 
751 198 16 597 
239 434 608 546 
106 660 161 777 
659 451 412 386 
526 286 196 318 
666 669 33 218 
654 775 334 52 
547 101 255 285 
211 503 679 207 
736 294 89 192 
791 377 13 376 
663 12 421 799 
333 254 304 187 
290 553 111 697 
471 472 119 234 
143 52 726 720 
335 671 729 664 
609 453 301 490 
223 591 741 575 
494 378 700 51 
264 264 699 27 
639 662 93 505 
383 717 433 493 
147 28 351 366 
11 358 463 569 
252 696 678 361 
457 190 434 777 
1 87 297 614 
232 774 13 199 
250 170 306 417 
781 688 579 646 
407 7 258 31 
144 180 110 314 
217 328 74 773 
125 335 412 507 
567 521 51 62 
692 767 749 423 
90 238 663 154 
41 488 630 29 
65 316 326 362 
677 626 545 546 
351 763 131 325 
707 744 235 384 
632 282 388 550 
116 794 644 674 
487 75 501 203 
380 156 530 537 
763 226 692 215 
338 710 239 538 
694 603 470 465 
228 274 294 414 
364 785 450 4 
49 641 474 256 
330 71 401 765 
461 630 127 323 
268 131 277 656 
128 281 735 618 
518 526 110 179 
455 278 791 61 
732 662 534 256 
18 187 183 459 
170 300 406 279 
356 445 101 130 
573 102 718 283 
662 692 346 441 
87 766 82 624 
500 474 292 614 
591 593 360 547 
159 16 386 264 
719 449 43 258 
617 537 140 127 
437 595 746 544 
732 285 488 15 
594 401 137 435 
756 616 534 321 
366 74 127 693 
320 40 133 546 
450 589 55 390 
645 242 731 769 
476 178 272 456 
443 478 81 245 
127 561 284 353 
558 518 724 181 
768 617 229 413 
94 139 710 799 
298 506 643 234 
511 656 635 273 
538 139 295 410 
442 413 445 755 
100 357 180 293 
554 30 8 491 
77 150 640 772 
320 257 110 711 
495 271 727 727 
704 348 212 279 
696 614 504 575 
225 36 339 592 
427 213 470 677 
337 503 664 234 
29 281 25 337 
47 339 325 195 
729 532 443 244 
687 380 462 314 
221 619 203 255 
729 90 92 533 
411 41 653 233 
42 280 78 219 
761 602 664 621 
433 327 19 251 
689 625 150 234 
404 217 752 35 
210 387 552 65 
137 583 736 105 
253 329 416 698 
285 43 400 678 
264 289 228 640 
688 230 223 406 
254 430 562 288 
407 187 356 249 
286 500 630 494 
377 690 71 597 
280 253 694 384 
627 471 486 434 
563 631 39 753 
692 89 242 508 
201 179 341 703 
65 619 144 293 
105 423 703 301 
722 453 537 288 
116 333 280 674 
370 740 698 167 
608 98 39 425 
675 742 116 599 
601 520 72 719 
185 271 797 494 
315 69 489 423 
154 743 605 147 
313 609 686 361 
101 26 498 783 
345 748 589 495 
743 663 685 76 
150 213 627 279 
359 305 595 765 
93 500 93 772 
539 65 189 534 
16 2 640 476 
177 673 184 207 
582 315 705 43 
616 754 229 262 
744 739 29 703 
84 344 122 282 
374 94 675 363 
349 121 767 432 
800 278 661 228 
640 321 658 626 
653 153 523 359 
620 353 164 267 
504 56 624 753 
7 779 697 108 
494 777 642 420 
103 216 556 682 
433 390 54 361 
473 642 425 349 
56 428 594 169 
765 363 241 195 
45 541 306 626 
616 500 377 731 
13 159 196 408 
97 518 44 747 
12 507 108 530 
36 45 228 411 
783 158 128 473 
770 183 181 407 
79 187 460 301 
447 794 291 465 
252 231 687 335 
339 459 454 220 
664 475 765 231 
106 264 45 402 
184 310 219 384 
164 783 344 719 
647 664 422 423 
245 517 732 275 
131 201 684 144 
582 176 611 676 
573 496 657 434 
466 604 522 234 
477 764 748 518 
458 58 290 274 
380 766 616 651 
401 252 335 492 
392 556 579 292 
257 763 780 588 
356 448 466 344 
612 434 644 749 
69 184 347 562 
604 576 282 169 
374 596 217 511 
284 521 35 98 
277 570 316 403 
108 54 359 316 
788 629 294 484 
521 656 67 640 
633 82 271 684 
67 265 458 27 
222 641 322 43 
541 340 639 733 
721 762 222 548 
688 775 348 411 
373 150 599 539 
776 704 47 397 
32 754 594 222 
389 189 184 497 
539 271 748 25 
796 259 620 198 
485 436 51 767 
628 760 757 82 
112 171 587 744 
41 9 112 60 
162 544 106 653 
460 708 237 146 
341 773 92 174 
385 127 626 613 
695 209 737 77 
672 400 25 328 
363 604 522 337 
629 370 589 533 
775 644 256 100 
544 519 625 71 
500 779 349 149 
693 624 537 193 
338 183 337 534 
477 54 431 38 
785 241 254 30 
723 485 15 606 
792 230 476 521 
520 12 395 56 
321 73 790 83 
575 798 73 706 
91 207 459 737 
274 84 256 627 
423 754 782 376 
555 649 158 162 
188 526 486 516 
76 412 165 44 
35 455 78 51 
72 562 553 50 
732 513 566 55 
7 113 20 600 
727 135 161 103 
38 358 226 7 
635 773 389 62 
212 544 453 236 
99 173 494 699 
630 658 2 439 
732 182 476 735 
100 565 274 284 
168 56 800 146 
522 772 259 438 
638 625 546 607 
41 798 116 319 
136 355 574 115 
211 200 316 185 
387 244 419 194 
722 296 644 232 
515 205 627 546 
546 651 72 342 
588 220 102 174 
18 128 346 78 
26 82 70 196 
455 26 191 353 
58 645 788 295 
216 626 592 420 
494 686 322 286 
115 355 378 463 
